0 0.548958 0.834722 0.046875 0.060185
0 0.186979 0.316204 0.055208 0.039815
0 0.911458 0.676852 0.092708 0.062963
0 0.956250 0.087500 0.086458 0.091667
0 0.286458 0.448148 0.055208 0.031481
0 0.659635 0.646759 0.040104 0.076852
0 0.235156 0.528241 0.071354 0.030556
3 0.638021 0.520833 0.066667 0.054630
0 0.627083 0.730556 0.058333 0.033333
0 0.334635 0.692130 0.086979 0.050926
0 0.729688 0.698148 0.058333 0.072222
0 0.127083 0.574074 0.119792 0.064815
0 0.764583 0.870833 0.068750 0.095370
0 0.910156 0.847685 0.044271 0.062037
0 0.173698 0.962963 0.074479 0.053704
0 0.152865 0.493056 0.043229 0.021296
0 0.312760 0.485648 0.028646 0.017593
0 0.426302 0.701389 0.038021 0.045370
0 0.654167 0.798611 0.040625 0.037963
0 0.511198 0.164815 0.028646 0.059259
0 0.377344 0.643056 0.045312 0.041667
0 0.564583 0.496759 0.011458 0.050926
0 0.135156 0.431944 0.031771 0.021296
0 0.294010 0.623611 0.053646 0.025000
0 0.814323 0.854630 0.025521 0.027778
0 0.925521 0.781944 0.051042 0.028704
0 0.280729 0.743056 0.060417 0.034259
0 0.437760 0.786574 0.036979 0.062037
0 0.221094 0.436574 0.017188 0.017593
0 0.816927 0.277778 0.025521 0.053704
0 0.130208 0.623148 0.060417 0.037037
0 0.881250 0.802778 0.057292 0.029630
0 0.815885 0.478704 0.018229 0.018519
0 0.767188 0.768056 0.010417 0.015741
0 0.884375 0.527778 0.014583 0.018519
0 0.426823 0.959259 0.051562 0.040741
0 0.015365 0.984722 0.030729 0.028704
0 0.183333 0.985648 0.054167 0.026852
0 0.053646 0.268519 0.017708 0.018519
0 0.593490 0.644907 0.018229 0.017593
0 0.689844 0.952778 0.041146 0.092593
0 0.431250 0.692130 0.028125 0.025000
0 0.697135 0.969907 0.025521 0.058333
