0 0.082552 0.569444 0.130729 0.085185
0 0.301563 0.217130 0.062500 0.047222
0 0.753385 0.038426 0.033854 0.076852
1 0.919531 0.925463 0.064062 0.147222
0 0.212760 0.825926 0.027604 0.192593
1 0.611979 0.813426 0.136458 0.123148
1 0.454167 0.599074 0.066667 0.085185
1 0.667969 0.552778 0.073438 0.068519
0 0.253125 0.092593 0.097917 0.114815
1 0.510677 0.623148 0.058854 0.114815
0 0.476302 0.218519 0.031771 0.096296
0 0.314323 0.123611 0.014063 0.032407
0 0.950781 0.126389 0.097396 0.100926
0 0.095573 0.273148 0.079687 0.105556
0 0.419010 0.289815 0.034896 0.053704
0 0.737500 0.198611 0.043750 0.026852
1 0.616146 0.397685 0.042708 0.100926
0 0.233333 0.352315 0.025000 0.030556
0 0.288802 0.342593 0.039062 0.033333
1 0.672135 0.631481 0.052604 0.083333
0 0.347656 0.947222 0.028646 0.103704
0 0.452083 0.849074 0.028125 0.064815
0 0.702865 0.807870 0.069271 0.128704
0 0.671615 0.954167 0.035937 0.054630
0 0.432292 0.493056 0.064583 0.141667
0 0.428125 0.724074 0.030208 0.066667
0 0.733594 0.930556 0.040104 0.083333
0 0.302083 0.071296 0.019792 0.037037
0 0.525781 0.168519 0.022396 0.079630
0 0.771094 0.647685 0.024479 0.034259
0 0.875260 0.715741 0.133854 0.112963
0 0.726042 0.700463 0.019792 0.056481
0 0.987760 0.827315 0.010937 0.013889
0 0.408594 0.497685 0.023438 0.025000
0 0.170573 0.669444 0.007812 0.016667
0 0.544271 0.179167 0.058333 0.099074
0 0.031250 0.249074 0.062500 0.055556
0 0.460156 0.835185 0.044271 0.092593
1 0.638802 0.640278 0.035937 0.045370
0 0.925260 0.753241 0.033854 0.039815
0 0.921094 0.722222 0.040104 0.020370
0 0.514578 0.050731 0.025434 0.037497
0 0.722395 0.318721 0.017990 0.050731
0 0.549318 0.444444 0.026675 0.066170
1 0.581576 0.666667 0.113524 0.095947
1 0.666253 0.746623 0.065757 0.119107
1 0.781638 0.778053 0.047146 0.073890
