0 0.340885 0.080093 0.082812 0.100926
0 0.578906 0.059722 0.068229 0.108333
0 0.083854 0.035648 0.055208 0.071296
0 0.345313 0.962037 0.069792 0.072222
0 0.493229 0.264352 0.036458 0.062037
0 0.771875 0.874074 0.043750 0.083333
0 0.801823 0.849074 0.071354 0.087037
0 0.570573 0.143519 0.050521 0.033333
0 0.352865 0.886574 0.034896 0.100926
0 0.810937 0.981019 0.031250 0.036111
0 0.912500 0.914815 0.068750 0.085185
0 0.480990 0.583796 0.025521 0.065741
0 0.017708 0.518519 0.035417 0.090741
0 0.671615 0.693056 0.044271 0.056481
0 0.154948 0.512500 0.103646 0.108333
0 0.945573 0.916667 0.064062 0.092593
0 0.814063 0.615741 0.012500 0.018519
0 0.620313 0.420833 0.025000 0.034259
0 0.658594 0.494444 0.025521 0.025926
0 0.387240 0.431944 0.049479 0.034259
0 0.472396 0.479167 0.054167 0.089815
0 0.211198 0.318981 0.096354 0.049074
0 0.363802 0.148611 0.102604 0.082407
0 0.709896 0.910185 0.044792 0.090741
0 0.478646 0.169907 0.017708 0.063889
0 0.584115 0.269444 0.020313 0.051852
0 0.626302 0.769907 0.023438 0.062037
0 0.448177 0.778704 0.051562 0.103704
0 0.374219 0.638889 0.024479 0.024074
0 0.952865 0.463889 0.040104 0.044444
0 0.323437 0.553241 0.084375 0.112037
0 0.980469 0.955093 0.038021 0.087963
0 0.777344 0.075463 0.072396 0.108333
0 0.486719 0.070833 0.031771 0.067593
0 0.252604 0.914815 0.014583 0.009259
0 0.270313 0.464815 0.090625 0.087037
0 0.385156 0.346759 0.069271 0.095370
0 0.716667 0.698148 0.044792 0.046296
0 0.588281 0.814352 0.047396 0.073148
0 0.607812 0.943056 0.021875 0.049074
0 0.194531 0.720370 0.022396 0.031481
0 0.966406 0.100000 0.039062 0.051852
0 0.571354 0.343056 0.009375 0.030556
0 0.590885 0.468519 0.011979 0.050000
0 0.519271 0.820833 0.027083 0.089815
0 0.313021 0.516204 0.011458 0.025000
0 0.497135 0.350463 0.010937 0.015741
0 0.326823 0.606944 0.011979 0.056481
0 0.627604 0.724537 0.040625 0.054630
0 0.916146 0.699537 0.105208 0.121296
0 0.554688 0.852315 0.041667 0.084259
0 0.274219 0.553241 0.090104 0.099074
0 0.401042 0.108796 0.021875 0.032407
0 0.032813 0.865278 0.065625 0.091667
0 0.259896 0.426852 0.109375 0.150000
0 0.160156 0.932407 0.035937 0.050000
0 0.544792 0.368056 0.061458 0.078704
0 0.252865 0.373148 0.096354 0.042593
0 0.843490 0.091204 0.027604 0.039815
0 0.619531 0.735648 0.056771 0.128704
0 0.142448 0.953241 0.071354 0.091667
0 0.564844 0.924537 0.011979 0.073148
0 0.514583 0.451389 0.047917 0.095370
0 0.253125 0.102778 0.014583 0.122222
0 0.269531 0.969444 0.047396 0.059259
0 0.262500 0.989352 0.025000 0.019444
0 0.196354 0.482407 0.021875 0.048148
0 0.011719 0.893056 0.023438 0.034259
0 0.195573 0.728704 0.014063 0.014815
0 0.475000 0.539352 0.013542 0.045370
0 0.379688 0.665278 0.035417 0.086111
0 0.975000 0.986574 0.036458 0.025000
0 0.407031 0.314352 0.007812 0.032407
0 0.518750 0.580093 0.036458 0.034259
0 0.341667 0.612963 0.020833 0.024074
0 0.389844 0.381019 0.021354 0.026852
0 0.524740 0.430093 0.046354 0.054630
0 0.377344 0.818056 0.017188 0.036111
0 0.125260 0.979167 0.033854 0.039815
0 0.166146 0.698611 0.048958 0.036111
0 0.385937 0.788889 0.054167 0.020370
0 0.684553 0.264682 0.041563 0.052936
0 0.740074 0.334712 0.027295 0.060656
2 0.274814 0.823270 0.253102 0.274607
2 0.501551 0.639096 0.066377 0.076096
