0 0.329688 0.083333 0.040625 0.085185
0 0.535156 0.128704 0.032813 0.107407
0 0.822396 0.210185 0.063542 0.044444
0 0.129948 0.219444 0.153646 0.194444
0 0.875000 0.133333 0.068750 0.109259
0 0.371094 0.199074 0.076563 0.164815
0 0.716667 0.391204 0.064583 0.037963
0 0.581250 0.480093 0.056250 0.026852
0 0.527865 0.937037 0.044271 0.037037
0 0.436198 0.058796 0.024479 0.117593
0 0.289583 0.187037 0.058333 0.053704
0 0.373958 0.078704 0.033333 0.122222
0 0.906771 0.495370 0.087500 0.051852
0 0.770312 0.111574 0.054167 0.049074
0 0.220052 0.173611 0.065104 0.121296
0 0.426563 0.434259 0.036458 0.083333
0 0.636979 0.385185 0.064583 0.051852
0 0.946615 0.425926 0.105729 0.040741
0 0.433333 0.344444 0.057292 0.064815
0 0.809375 0.108333 0.057292 0.098148
0 0.839844 0.286111 0.091146 0.048148
0 0.568490 0.331944 0.027604 0.030556
0 0.255469 0.303241 0.029687 0.060185
0 0.577604 0.542593 0.027083 0.044444
0 0.472917 0.294444 0.032292 0.074074
0 0.258594 0.555556 0.113021 0.094444
0 0.564844 0.213426 0.025521 0.076852
0 0.973698 0.058333 0.051562 0.081481
0 0.662240 0.613426 0.025521 0.037963
0 0.126302 0.337963 0.097396 0.079630
0 0.106250 0.252315 0.077083 0.032407
0 0.523177 0.491204 0.019271 0.039815
0 0.275781 0.074074 0.063021 0.144444
0 0.548958 0.354630 0.056250 0.062963
0 0.739844 0.246759 0.067187 0.113889
0 0.992448 0.390741 0.014063 0.035185
0 0.925781 0.402778 0.109896 0.055556
3 0.692708 0.513889 0.026042 0.038889
0 0.802344 0.353704 0.072396 0.072222
0 0.705208 0.456481 0.044792 0.057407
0 0.974219 0.252315 0.050521 0.050926
0 0.448698 0.707407 0.042188 0.061111
0 0.382552 0.027778 0.030729 0.055556
0 0.916146 0.021296 0.038542 0.042593
0 0.819531 0.136574 0.026562 0.045370
0 0.861979 0.246759 0.056250 0.063889
0 0.722135 0.632407 0.066146 0.040741
0 0.761979 0.328241 0.083333 0.043519
0 0.455990 0.447222 0.047396 0.122222
0 0.016406 0.244444 0.032813 0.020370
0 0.360938 0.652315 0.027083 0.039815
0 0.789844 0.273148 0.047396 0.068519
0 0.372135 0.329630 0.039062 0.088889
0 0.620313 0.310648 0.016667 0.073148
0 0.615625 0.263889 0.017708 0.025926
0 0.942448 0.165741 0.114062 0.127778
0 0.952344 0.711111 0.040104 0.062963
0 0.890885 0.389815 0.019271 0.025926
0 0.971875 0.302315 0.055208 0.062037
0 0.514844 0.045833 0.036979 0.091667
0 0.990104 0.195833 0.018750 0.021296
0 0.911198 0.937500 0.028646 0.054630
0 0.333594 0.689815 0.080729 0.081481
0 0.665625 0.482407 0.008333 0.027778
0 0.307292 0.583333 0.015625 0.038889
0 0.167708 0.054630 0.051042 0.109259
0 0.847396 0.015278 0.029167 0.030556
0 0.844010 0.699537 0.021354 0.036111
0 0.808333 0.245833 0.010417 0.013889
0 0.662500 0.261574 0.040625 0.034259
0 0.815885 0.456944 0.042188 0.036111
0 0.655208 0.461111 0.020833 0.048148
0 0.633594 0.494444 0.025521 0.062963
0 0.354427 0.686111 0.013021 0.011111
0 0.413281 0.638426 0.028646 0.037963
0 0.718490 0.265278 0.021354 0.030556
0 0.769792 0.413889 0.008333 0.042593
0 0.879687 0.079167 0.039583 0.080556
0 0.381510 0.007407 0.018229 0.014815
0 0.553125 0.888426 0.009375 0.013889
0 0.333854 0.356481 0.021875 0.038889
0 0.689323 0.395833 0.010937 0.028704
0 0.786198 0.380556 0.031771 0.031481
0 0.887760 0.778704 0.039062 0.068519
0 0.698438 0.445370 0.031250 0.037037
0 0.625000 0.550000 0.028125 0.035185
0 0.983073 0.527315 0.032813 0.050926
0 0.950000 0.231019 0.016667 0.028704
0 0.471875 0.306481 0.027083 0.031481
0 0.986458 0.369444 0.026042 0.068519
0 0.870052 0.509259 0.015104 0.025926
0 0.576302 0.932407 0.036979 0.079630
0 0.688542 0.298611 0.010417 0.023148
0 0.822656 0.029167 0.020313 0.058333
0 0.585417 0.259722 0.046875 0.028704
0 0.388542 0.339352 0.071875 0.108333
0 0.956771 0.696296 0.030208 0.031481
0 0.933854 0.055556 0.021875 0.111111
0 0.248449 0.789633 0.061414 0.114695
0 0.591501 0.667770 0.017990 0.080507
0 0.653226 0.744968 0.024814 0.073890
0 0.557692 0.720706 0.023573 0.065068
0 0.607940 0.610422 0.028536 0.071685
0 0.635236 0.608216 0.023573 0.062862
