0 0.325781 0.018981 0.045312 0.037963
0 0.201563 0.011574 0.041667 0.023148
0 0.958854 0.442130 0.081250 0.165741
0 0.189583 0.179630 0.103125 0.061111
0 0.680208 0.251389 0.040625 0.032407
0 0.235677 0.367593 0.068229 0.061111
0 0.446615 0.176852 0.046354 0.072222
0 0.637240 0.793981 0.024479 0.130556
0 0.798177 0.047685 0.064062 0.095370
0 0.832552 0.468056 0.067187 0.054630
0 0.506250 0.471759 0.069792 0.043519
0 0.268750 0.440278 0.073958 0.110185
0 0.514844 0.058333 0.038021 0.109259
0 0.576302 0.106019 0.018229 0.106481
0 0.147656 0.593519 0.073438 0.100000
0 0.684115 0.537963 0.046354 0.044444
0 0.765365 0.088426 0.009896 0.019444
0 0.753906 0.182407 0.032813 0.053704
0 0.061979 0.361574 0.067708 0.069444
0 0.398438 0.110185 0.053125 0.042593
0 0.417708 0.058333 0.039583 0.116667
0 0.953906 0.864352 0.091146 0.119444
0 0.882292 0.171296 0.096875 0.068519
0 0.860417 0.140278 0.082292 0.097222
0 0.519531 0.667593 0.043229 0.107407
0 0.671615 0.369444 0.020313 0.027778
0 0.785677 0.750926 0.086979 0.114815
0 0.652344 0.630093 0.049479 0.080556
0 0.721615 0.072685 0.046354 0.130556
0 0.337500 0.696296 0.047917 0.100000
0 0.492188 0.640741 0.038542 0.059259
0 0.712240 0.405093 0.054688 0.032407
0 0.959896 0.039815 0.079167 0.050000
0 0.905469 0.051389 0.067187 0.102778
0 0.630469 0.462037 0.040104 0.033333
0 0.567187 0.026389 0.029167 0.052778
0 0.761198 0.344907 0.049479 0.039815
0 0.571354 0.621296 0.035417 0.057407
0 0.382552 0.256944 0.086979 0.071296
0 0.803646 0.679167 0.085417 0.080556
0 0.246094 0.531019 0.024479 0.065741
0 0.275781 0.129630 0.081771 0.088889
0 0.439063 0.552315 0.071875 0.076852
0 0.591927 0.722685 0.055729 0.156481
0 0.664323 0.486111 0.047396 0.044444
0 0.772135 0.256019 0.028646 0.049074
0 0.078646 0.046296 0.121875 0.061111
0 0.736719 0.253704 0.036979 0.033333
0 0.486719 0.706019 0.039062 0.087963
0 0.838542 0.772222 0.018750 0.038889
0 0.889583 0.142593 0.011458 0.012963
0 0.538802 0.548148 0.044271 0.040741
0 0.836979 0.383796 0.056250 0.065741
0 0.990365 0.136574 0.018229 0.028704
0 0.372917 0.375926 0.039583 0.029630
0 0.846875 0.896759 0.032292 0.104630
0 0.841146 0.807407 0.075000 0.081481
0 0.813281 0.298611 0.068229 0.030556
0 0.340625 0.087963 0.052083 0.053704
0 0.543750 0.600926 0.028125 0.033333
0 0.608854 0.147222 0.044792 0.050000
0 0.623698 0.956944 0.057813 0.062037
0 0.592969 0.992130 0.013021 0.013889
0 0.760156 0.131481 0.028646 0.103704
0 0.606250 0.395370 0.018750 0.027778
0 0.968750 0.961111 0.027083 0.075926
0 0.528646 0.517130 0.059375 0.049074
0 0.158073 0.301852 0.064062 0.027778
0 0.376823 0.344444 0.045312 0.033333
0 0.911458 0.708333 0.066667 0.062963
0 0.701042 0.178704 0.018750 0.068519
0 0.390365 0.148611 0.069271 0.037963
0 0.690885 0.314815 0.060937 0.092593
0 0.630990 0.026389 0.021354 0.052778
0 0.365365 0.528241 0.027604 0.110185
0 0.414323 0.373148 0.048438 0.042593
0 0.696615 0.054630 0.016146 0.109259
0 0.556250 0.336574 0.028125 0.037963
0 0.554167 0.209722 0.025000 0.082407
0 0.473177 0.430556 0.028646 0.048148
0 0.543229 0.276852 0.056250 0.050000
0 0.947396 0.020370 0.053125 0.040741
0 0.686719 0.393519 0.036979 0.055556
0 0.628646 0.213889 0.028125 0.094444
0 0.396875 0.025463 0.023958 0.023148
0 0.906771 0.386574 0.093750 0.099074
0 0.751302 0.300463 0.082812 0.062037
0 0.016927 0.534722 0.033854 0.026852
0 0.895312 0.533333 0.070833 0.029630
0 0.412760 0.837963 0.057813 0.085185
0 0.452604 0.210185 0.039583 0.027778
0 0.321875 0.350000 0.063542 0.066667
0 0.136198 0.050926 0.078646 0.101852
0 0.448177 0.280093 0.013021 0.017593
0 0.552865 0.421296 0.024479 0.129630
0 0.758854 0.386111 0.044792 0.020370
0 0.193229 0.019907 0.043750 0.036111
0 0.459375 0.265741 0.062500 0.064815
0 0.621354 0.090741 0.018750 0.050000
0 0.594271 0.188426 0.022917 0.030556
0 0.228385 0.941204 0.015104 0.012037
0 0.542188 0.053241 0.017708 0.095370
0 0.529948 0.352778 0.032813 0.072222
0 0.666927 0.081019 0.009896 0.062037
0 0.597135 0.494444 0.044271 0.038889
0 0.525521 0.082407 0.016667 0.048148
0 0.812760 0.207407 0.013021 0.035185
0 0.386458 0.206944 0.016667 0.050926
0 0.904948 0.192130 0.020313 0.041667
0 0.762760 0.449074 0.031771 0.122222
0 0.903906 0.406944 0.075521 0.041667
0 0.387500 0.525000 0.038542 0.033333
0 0.727083 0.173148 0.028125 0.037037
0 0.510938 0.215741 0.035417 0.068519
0 0.279427 0.892130 0.059896 0.052778
0 0.561458 0.794444 0.021875 0.116667
0 0.680208 0.090278 0.012500 0.086111
0 0.335677 0.244907 0.021354 0.019444
0 0.595313 0.059259 0.016667 0.096296
0 0.581250 0.264815 0.033333 0.061111
0 0.698177 0.613889 0.044271 0.066667
0 0.438542 0.464815 0.014583 0.042593
0 0.830729 0.228704 0.054167 0.051852
0 0.578385 0.421759 0.025521 0.043519
0 0.639583 0.544444 0.057292 0.066667
0 0.270313 0.303704 0.068750 0.051852
0 0.972656 0.943056 0.018229 0.039815
0 0.511719 0.140741 0.025521 0.057407
0 0.407552 0.245833 0.014063 0.021296
0 0.647917 0.143981 0.007292 0.049074
0 0.658333 0.187500 0.039583 0.039815
0 0.510156 0.364815 0.031771 0.075926
0 0.534896 0.441204 0.012500 0.025000
0 0.661719 0.021296 0.016146 0.042593
0 0.858854 0.487500 0.056250 0.028704
0 0.612240 0.289815 0.007812 0.025926
0 0.609375 0.540278 0.017708 0.073148
0 0.613281 0.458333 0.014063 0.014815
0 0.545052 0.368519 0.020313 0.035185
0 0.617708 0.342593 0.030208 0.050000
0 0.823698 0.144444 0.051562 0.101852
0 0.592969 0.216667 0.025521 0.035185
0 0.856771 0.055556 0.044792 0.092593
0 0.680990 0.151389 0.014063 0.063889
0 0.557552 0.143056 0.019271 0.056481
0 0.702865 0.259722 0.032813 0.069444
0 0.841146 0.220833 0.034375 0.036111
0 0.491146 0.122222 0.017708 0.044444
0 0.767969 0.767593 0.014063 0.025926
0 0.598437 0.678241 0.041667 0.065741
0 0.562760 0.444444 0.035937 0.037037
0 0.569271 0.484259 0.044792 0.029630
0 0.434635 0.122222 0.018229 0.020370
0 0.500781 0.263889 0.026562 0.059259
0 0.641927 0.341204 0.029687 0.060185
0 0.202083 0.615278 0.060417 0.062037
0 0.282813 0.167130 0.026042 0.030556
0 0.784375 0.441667 0.034375 0.037037
0 0.627604 0.571296 0.045833 0.044444
0 0.508594 0.548611 0.021354 0.028704
0 0.689063 0.456019 0.032292 0.015741
0 0.566406 0.724537 0.016146 0.008333
0 0.177604 0.547685 0.033333 0.073148
0 0.651563 0.060648 0.020833 0.121296
0 0.340625 0.115741 0.065625 0.040741
0 0.537500 0.127315 0.031250 0.043519
0 0.527083 0.561111 0.067708 0.066667
0 0.745833 0.131019 0.012500 0.032407
0 0.604948 0.436111 0.051562 0.055556
0 0.741927 0.490278 0.055729 0.058333
0 0.638281 0.074537 0.017188 0.054630
0 0.448698 0.600463 0.010937 0.039815
0 0.869271 0.944444 0.013542 0.014815
0 0.808333 0.027315 0.043750 0.054630
0 0.581250 0.978241 0.036458 0.041667
0 0.605208 0.192130 0.021875 0.056481
0 0.738281 0.457407 0.033854 0.031481
0 0.592187 0.323611 0.022917 0.043519
0 0.492708 0.046296 0.022917 0.042593
0 0.644271 0.437963 0.061458 0.035185
0 0.571615 0.310648 0.029687 0.030556
0 0.993490 0.007407 0.011979 0.014815
0 0.604688 0.053704 0.035417 0.107407
0 0.621875 0.591204 0.057292 0.084259
0 0.919010 0.766204 0.021354 0.063889
0 0.009115 0.990741 0.018229 0.016667
0 0.828906 0.851389 0.099479 0.195370
0 0.971615 0.403704 0.055729 0.087037
0 0.445052 0.625463 0.033854 0.087963
0 0.346094 0.676389 0.030729 0.060185
0 0.479427 0.183796 0.025521 0.049074
0 0.733594 0.154630 0.041146 0.074074
0 0.675260 0.297685 0.028646 0.058333
