0 0.582031 0.010185 0.024479 0.020370
0 0.773698 0.116204 0.088021 0.067593
0 0.960677 0.056019 0.077604 0.112037
0 0.752344 0.390741 0.084896 0.112963
0 0.842187 0.130093 0.089583 0.058333
0 0.371354 0.356481 0.068750 0.051852
0 0.458333 0.236574 0.123958 0.091667
0 0.193229 0.433796 0.122917 0.062037
0 0.472135 0.057870 0.045312 0.115741
0 0.159115 0.631019 0.099479 0.128704
3 0.516406 0.149537 0.023438 0.080556
0 0.877083 0.265278 0.094792 0.062037
0 0.884635 0.475926 0.103646 0.053704
0 0.147396 0.223148 0.078125 0.120370
0 0.699219 0.471759 0.085938 0.082407
0 0.673958 0.019907 0.035417 0.039815
0 0.659896 0.322685 0.070833 0.037963
0 0.463802 0.551389 0.035937 0.062037
0 0.590104 0.598148 0.031250 0.077778
0 0.370312 0.073148 0.021875 0.146296
0 0.856771 0.658333 0.060417 0.048148
0 0.957292 0.873148 0.084375 0.146296
0 0.260417 0.639815 0.028125 0.077778
0 0.364323 0.275000 0.044271 0.040741
0 0.343229 0.150926 0.018750 0.142593
0 0.544792 0.587963 0.055208 0.038889
0 0.032552 0.341204 0.065104 0.102778
0 0.213542 0.343981 0.076042 0.091667
0 0.628906 0.393519 0.033854 0.122222
0 0.399740 0.442130 0.038021 0.075000
0 0.909896 0.301852 0.054167 0.055556
0 0.805729 0.458333 0.054167 0.050000
0 0.029427 0.416204 0.058854 0.030556
0 0.362240 0.928704 0.086979 0.140741
0 0.393750 0.047222 0.010417 0.094444
0 0.337240 0.279630 0.028646 0.085185
0 0.350260 0.087500 0.040104 0.089815
0 0.498437 0.963889 0.027083 0.046296
0 0.950781 0.656944 0.089063 0.062037
0 0.991406 0.388426 0.016146 0.012037
0 0.816667 0.279630 0.091667 0.148148
0 0.507292 0.460648 0.026042 0.025000
0 0.595052 0.524074 0.027604 0.048148
0 0.577344 0.383333 0.021354 0.035185
0 0.532813 0.293519 0.048958 0.081481
0 0.377604 0.657407 0.070833 0.079630
0 0.171094 0.894907 0.181771 0.112037
0 0.668229 0.438426 0.015625 0.060185
0 0.639844 0.537963 0.017188 0.035185
0 0.736979 0.289352 0.046875 0.045370
0 0.756771 0.320370 0.019792 0.061111
0 0.225000 0.648148 0.041667 0.055556
0 0.883073 0.643981 0.041146 0.063889
0 0.377083 0.012963 0.008333 0.025926
0 0.253125 0.930556 0.042708 0.074074
0 0.573698 0.417593 0.047396 0.037037
0 0.321875 0.672222 0.057292 0.157407
0 0.654427 0.416667 0.020313 0.031481
0 0.453385 0.208796 0.042188 0.041667
0 0.727604 0.681944 0.052083 0.071296
0 0.943490 0.555093 0.109896 0.093519
0 0.117448 0.206944 0.020313 0.012037
0 0.334115 0.407407 0.040104 0.100000
0 0.486979 0.444907 0.017708 0.049074
0 0.323177 0.752778 0.080729 0.124074
0 0.495833 0.328241 0.015625 0.034259
0 0.498698 0.914352 0.032813 0.039815
0 0.709115 0.775000 0.063021 0.075926
0 0.758594 0.250000 0.055729 0.042593
0 0.714323 0.167593 0.019271 0.048148
0 0.326562 0.038889 0.019792 0.077778
0 0.904948 0.403704 0.043229 0.027778
0 0.575521 0.479167 0.013542 0.039815
0 0.210677 0.235648 0.028646 0.032407
0 0.809896 0.512500 0.096875 0.056481
0 0.829948 0.409722 0.044271 0.045370
0 0.859115 0.391667 0.090104 0.029630
0 0.313802 0.578704 0.052604 0.038889
0 0.308854 0.777315 0.052083 0.073148
0 0.413021 0.705556 0.018750 0.031481
0 0.350521 0.546759 0.145833 0.108333
0 0.986458 0.210185 0.026042 0.079630
0 0.713542 0.409722 0.018750 0.063889
0 0.370833 0.937037 0.068750 0.077778
0 0.409896 0.248148 0.027083 0.068519
0 0.258333 0.550000 0.050000 0.105556
0 0.555469 0.526852 0.032813 0.037037
0 0.663021 0.482870 0.014583 0.054630
0 0.317448 0.512037 0.059896 0.046296
3 0.953474 0.153295 0.091811 0.079404
