0 0.126042 0.146759 0.056250 0.086111
0 0.547917 0.051852 0.045833 0.040741
0 0.917969 0.196296 0.077604 0.088889
0 0.808594 0.321759 0.054688 0.065741
0 0.535677 0.157407 0.035937 0.048148
0 0.266146 0.043981 0.040625 0.087963
0 0.542708 0.411111 0.060417 0.042593
0 0.271094 0.096296 0.114062 0.159259
0 0.629687 0.356944 0.034375 0.056481
0 0.664583 0.219907 0.053125 0.115741
0 0.814323 0.351852 0.053646 0.053704
0 0.322135 0.718519 0.060937 0.055556
0 0.127604 0.259259 0.041667 0.029630
0 0.855729 0.368056 0.018750 0.019444
0 0.342187 0.051852 0.054167 0.062963
0 0.334115 0.218056 0.024479 0.049074
0 0.802344 0.421296 0.044271 0.048148
0 0.554167 0.314352 0.022917 0.069444
0 0.119792 0.300000 0.057292 0.092593
0 0.928646 0.104167 0.083333 0.128704
0 0.240365 0.163426 0.052604 0.091667
0 0.177865 0.482870 0.116146 0.100926
0 0.821615 0.193981 0.052604 0.034259
0 0.830990 0.256019 0.046354 0.039815
0 0.509115 0.149537 0.007812 0.047222
0 0.651823 0.120833 0.043229 0.041667
0 0.927604 0.716204 0.042708 0.025000
0 0.310417 0.346296 0.055208 0.055556
0 0.020313 0.091667 0.031250 0.022222
0 0.905208 0.503704 0.077083 0.059259
0 0.314583 0.599074 0.078125 0.103704
0 0.733854 0.400926 0.055208 0.024074
0 0.279427 0.501852 0.022396 0.031481
0 0.657552 0.169907 0.031771 0.093519
0 0.437500 0.466204 0.048958 0.052778
0 0.377604 0.289352 0.045833 0.113889
0 0.850260 0.700463 0.038021 0.026852
0 0.601823 0.638426 0.034896 0.026852
0 0.351562 0.099074 0.037500 0.048148
0 0.407031 0.975926 0.030729 0.027778
0 0.099479 0.575000 0.048958 0.038889
0 0.625000 0.273611 0.018750 0.019444
0 0.558333 0.652315 0.036458 0.034259
0 0.263021 0.567130 0.030208 0.095370
0 0.441406 0.515278 0.051562 0.036111
0 0.160417 0.381481 0.025000 0.059259
0 0.134115 0.448148 0.028646 0.031481
0 0.103385 0.036574 0.146354 0.073148
0 0.933594 0.647685 0.067187 0.032407
0 0.449219 0.391204 0.029687 0.021296
0 0.423438 0.375926 0.044792 0.038889
0 0.767188 0.457870 0.052083 0.026852
0 0.890625 0.441204 0.107292 0.089815
0 0.186979 0.599537 0.020833 0.041667
0 0.417708 0.779167 0.062500 0.065741
0 0.805990 0.227778 0.057813 0.033333
0 0.172396 0.034259 0.009375 0.012963
0 0.488021 0.426389 0.039583 0.017593
0 0.249219 0.345370 0.033854 0.029630
0 0.670573 0.614815 0.053646 0.064815
0 0.877083 0.988889 0.026042 0.020370
0 0.314844 0.557870 0.022396 0.025000
0 0.440625 0.555556 0.041667 0.038889
0 0.015104 0.176389 0.030208 0.052778
0 0.174740 0.521759 0.024479 0.028704
0 0.445312 0.474537 0.033333 0.034259
0 0.690625 0.836111 0.014583 0.007407
0 0.230729 0.625926 0.045833 0.024074
0 0.437760 0.400000 0.052604 0.038889
0 0.639062 0.150000 0.037500 0.033333
0 0.422135 0.407870 0.059896 0.039815
0 0.242708 0.096759 0.058333 0.086111
0 0.986719 0.731019 0.025521 0.063889
0 0.106250 0.275926 0.030208 0.046296
0 0.521875 0.575000 0.014583 0.022222
0 0.089323 0.013426 0.119271 0.026852
0 0.858073 0.858333 0.044271 0.029630
0 0.182812 0.728704 0.032292 0.048148
0 0.762500 0.203704 0.050000 0.040741
0 0.988021 0.245833 0.022917 0.069444
0 0.022396 0.378704 0.044792 0.035185
0 0.671094 0.166204 0.011979 0.034259
0 0.799740 0.863889 0.068229 0.088889
0 0.161198 0.048611 0.030729 0.050926
0 0.205469 0.914352 0.151562 0.115741
0 0.045833 0.059259 0.027083 0.016667
0 0.984115 0.386111 0.030729 0.048148
0 0.318229 0.151852 0.020833 0.050000
0 0.012760 0.333333 0.025521 0.033333
0 0.390104 0.753241 0.009375 0.017593
0 0.166667 0.104167 0.009375 0.019444
0 0.017188 0.936574 0.034375 0.023148
0 0.571354 0.434722 0.046875 0.050926
0 0.311458 0.102315 0.012500 0.019444
0 0.022396 0.356481 0.044792 0.079630
0 0.653385 0.362963 0.028646 0.033333
0 0.871875 0.457407 0.066667 0.053704
0 0.782813 0.434259 0.083333 0.074074
0 0.010937 0.498611 0.013542 0.036111
0 0.268229 0.583796 0.019792 0.062037
