1 0.444010 0.465278 0.191146 0.254630
0 0.740365 0.068056 0.082812 0.041667
0 0.592187 0.147685 0.064583 0.076852
0 0.282813 0.102315 0.053125 0.058333
0 0.165885 0.250000 0.053646 0.140741
0 0.374219 0.300463 0.092188 0.050926
0 0.722396 0.136574 0.059375 0.058333
0 0.213542 0.767130 0.022917 0.030556
0 0.036979 0.291667 0.073958 0.105556
0 0.666927 0.019907 0.024479 0.039815
0 0.691927 0.047222 0.070312 0.059259
0 0.662240 0.195833 0.030729 0.037963
0 0.941146 0.071759 0.102083 0.062037
0 0.833073 0.268981 0.094271 0.049074
0 0.876042 0.181481 0.090625 0.046296
0 0.654687 0.112963 0.034375 0.059259
0 0.954948 0.162963 0.064062 0.040741
0 0.501823 0.197685 0.058854 0.099074
0 0.378906 0.593981 0.081771 0.062037
0 0.405990 0.131481 0.048438 0.046296
0 0.502083 0.374074 0.037500 0.074074
0 0.516406 0.540278 0.026562 0.065741
0 0.454948 0.566667 0.051562 0.055556
0 0.694010 0.350463 0.046354 0.025000
0 0.589323 0.258796 0.035937 0.056481
0 0.495052 0.026389 0.039062 0.052778
0 0.330208 0.089352 0.038542 0.086111
0 0.698438 0.180093 0.030208 0.049074
0 0.472917 0.347685 0.048958 0.052778
0 0.914844 0.323611 0.079687 0.041667
0 0.860677 0.331944 0.080729 0.062037
0 0.347396 0.756019 0.036458 0.039815
0 0.669531 0.618519 0.055729 0.035185
0 0.462240 0.256944 0.025521 0.065741
0 0.687500 0.742593 0.045833 0.038889
0 0.258073 0.181944 0.029687 0.089815
0 0.832552 0.678241 0.048438 0.036111
0 0.621354 0.380093 0.051042 0.043519
0 0.608333 0.518056 0.056250 0.039815
1 0.169531 0.863426 0.315104 0.271296
0 0.981771 0.203704 0.035417 0.038889
0 0.296354 0.021759 0.015625 0.043519
0 0.728385 0.318519 0.023438 0.037037
0 0.656510 0.682407 0.043229 0.050000
0 0.542188 0.545370 0.043750 0.027778
0 0.553646 0.271296 0.048958 0.048148
0 0.567187 0.128241 0.014583 0.037963
0 0.433333 0.365278 0.050000 0.049074
0 0.426823 0.681019 0.050521 0.095370
0 0.630469 0.043519 0.049479 0.050000
0 0.513802 0.912037 0.028646 0.070370
0 0.563021 0.369907 0.035417 0.045370
0 0.475260 0.017593 0.019271 0.035185
0 0.438021 0.598611 0.041667 0.052778
0 0.058333 0.262963 0.032292 0.024074
0 0.621615 0.112500 0.056771 0.039815
0 0.557292 0.478704 0.036458 0.033333
0 0.500521 0.062963 0.045833 0.051852
0 0.568229 0.417593 0.016667 0.024074
0 0.641667 0.331481 0.039583 0.079630
0 0.615885 0.225463 0.048438 0.034259
0 0.900521 0.387963 0.048958 0.027778
0 0.821875 0.491667 0.033333 0.037037
0 0.692448 0.275926 0.057813 0.040741
0 0.567708 0.019444 0.009375 0.018519
0 0.567187 0.448611 0.055208 0.052778
0 0.756250 0.657407 0.038542 0.027778
0 0.788542 0.351389 0.080208 0.058333
0 0.926823 0.020833 0.018229 0.041667
0 0.978646 0.412500 0.041667 0.034259
0 0.362500 0.668056 0.065625 0.115741
0 0.559115 0.531944 0.045312 0.047222
0 0.541927 0.400926 0.030729 0.027778
0 0.595573 0.075000 0.027604 0.053704
0 0.338802 0.495370 0.046354 0.038889
0 0.829427 0.021296 0.007812 0.022222
0 0.676042 0.368519 0.041667 0.048148
0 0.615625 0.555556 0.056250 0.040741
0 0.595313 0.316667 0.037500 0.051852
0 0.678385 0.302778 0.023438 0.027778
0 0.627344 0.428241 0.045312 0.032407
0 0.881510 0.700463 0.023438 0.034259
0 0.341406 0.868056 0.041146 0.047222
0 0.867188 0.351852 0.011458 0.022222
0 0.467448 0.213426 0.039062 0.075000
0 0.535677 0.305093 0.027604 0.030556
0 0.336979 0.295833 0.018750 0.043519
0 0.790625 0.381019 0.025000 0.041667
0 0.873958 0.488426 0.089583 0.056481
0 0.834635 0.211111 0.056771 0.044444
0 0.312500 0.104630 0.014583 0.022222
0 0.969271 0.203241 0.009375 0.039815
0 0.633594 0.250463 0.033854 0.030556
0 0.300521 0.853704 0.045833 0.048148
0 0.696875 0.405093 0.069792 0.037963
0 0.696875 0.466667 0.028125 0.037037
0 0.706771 0.071296 0.015625 0.025926
0 0.789323 0.152778 0.008854 0.046296
0 0.757031 0.241667 0.036979 0.033333
0 0.538021 0.116667 0.029167 0.085185
0 0.302083 0.775000 0.057292 0.096296
0 0.186458 0.205093 0.013542 0.052778
0 0.823958 0.173611 0.013542 0.026852
0 0.857292 0.530556 0.041667 0.025926
0 0.367708 0.834722 0.046875 0.045370
0 0.891406 0.831019 0.055729 0.071296
0 0.376563 0.275000 0.021875 0.055556
0 0.509115 0.091204 0.028646 0.032407
0 0.763021 0.479630 0.023958 0.007407
0 0.303385 0.507407 0.018229 0.048148
0 0.789583 0.216204 0.053125 0.050926
0 0.267448 0.406481 0.016146 0.018519
0 0.793490 0.022222 0.017188 0.044444
0 0.780208 0.497222 0.067708 0.033333
0 0.713281 0.296759 0.021354 0.021296
0 0.670833 0.500000 0.029167 0.022222
0 0.528125 0.420370 0.017708 0.057407
0 0.868490 0.243519 0.035937 0.029630
0 0.715625 0.358796 0.039583 0.030556
0 0.214062 0.688889 0.050000 0.101852
0 0.974479 0.457407 0.041667 0.050000
0 0.743229 0.446759 0.079167 0.043519
0 0.331250 0.555093 0.067708 0.060185
0 0.420833 0.815741 0.059375 0.151852
0 0.382292 0.360185 0.050000 0.038889
0 0.653906 0.618519 0.024479 0.035185
0 0.684375 0.552778 0.057292 0.059259
0 0.429427 0.343519 0.045312 0.031481
0 0.748437 0.122222 0.008333 0.022222
0 0.692708 0.562963 0.040625 0.033333
0 0.651042 0.490278 0.068750 0.043519
0 0.347396 0.606481 0.019792 0.037037
0 0.743750 0.484259 0.062500 0.037037
0 0.433073 0.681944 0.044271 0.049074
0 0.722917 0.242130 0.060417 0.049074
0 0.936198 0.442130 0.118229 0.080556
0 0.618490 0.060648 0.072396 0.082407
0 0.754032 0.907637 0.058933 0.072787
0 0.346154 0.912049 0.089330 0.070582
0 0.094293 0.095947 0.026055 0.044114
0 0.122519 0.569617 0.072581 0.065068
