0 0.227083 0.377778 0.087500 0.157407
0 0.958854 0.093981 0.081250 0.063889
0 0.396354 0.332407 0.033333 0.070370
0 0.906250 0.193056 0.065625 0.047222
0 0.176042 0.570833 0.096875 0.128704
0 0.185156 0.977315 0.080729 0.043519
0 0.261719 0.205093 0.036979 0.163889
0 0.869792 0.236574 0.051042 0.030556
0 0.842187 0.495833 0.062500 0.071296
0 0.509896 0.314815 0.046875 0.070370
0 0.054688 0.855556 0.109375 0.144444
0 0.526823 0.234722 0.019271 0.076852
0 0.408854 0.112500 0.012500 0.089815
0 0.672396 0.225463 0.051042 0.047222
0 0.774219 0.241204 0.028646 0.030556
0 0.217969 0.193056 0.054688 0.171296
0 0.770312 0.091667 0.061458 0.061111
0 0.377344 0.021296 0.027604 0.031481
0 0.326042 0.350000 0.047917 0.114815
0 0.439323 0.270833 0.036979 0.076852
0 0.725521 0.043519 0.057292 0.046296
0 0.452865 0.200000 0.032813 0.053704
0 0.622135 0.668056 0.035937 0.075000
0 0.594271 0.798148 0.041667 0.068519
0 0.832552 0.258796 0.031771 0.036111
0 0.318750 0.155093 0.025000 0.071296
0 0.296094 0.143519 0.032813 0.096296
0 0.748958 0.357407 0.056250 0.031481
0 0.592187 0.274537 0.020833 0.028704
0 0.403385 0.028241 0.022396 0.037963
0 0.942448 0.587963 0.046354 0.024074
0 0.707031 0.093519 0.028646 0.050000
0 0.772396 0.333333 0.065625 0.029630
0 0.371354 0.626852 0.077083 0.088889
0 0.807292 0.068519 0.040625 0.046296
0 0.049219 0.216204 0.098437 0.143519
0 0.911719 0.040741 0.017188 0.081481
0 0.581250 0.032870 0.031250 0.043519
0 0.642708 0.884722 0.031250 0.067593
0 0.692969 0.454630 0.015104 0.024074
0 0.329948 0.178241 0.025521 0.149074
0 0.845052 0.027778 0.054688 0.055556
0 0.515365 0.820833 0.052604 0.060185
0 0.717969 0.497685 0.027604 0.032407
0 0.758594 0.062500 0.064062 0.080556
0 0.605208 0.249074 0.091667 0.079630
0 0.084375 0.845370 0.052083 0.033333
0 0.308594 0.337500 0.013021 0.026852
0 0.182552 0.146296 0.023438 0.020370
0 0.460677 0.112037 0.009896 0.068519
0 0.452344 0.016204 0.016146 0.032407
0 0.426563 0.008333 0.009375 0.016667
0 0.740365 0.206481 0.044271 0.046296
0 0.115365 0.058333 0.052604 0.029630
0 0.217188 0.017130 0.026042 0.034259
0 0.605729 0.048148 0.034375 0.046296
0 0.384635 0.379167 0.043229 0.087963
0 0.028385 0.426852 0.056771 0.074074
0 0.538021 0.106019 0.027083 0.050926
0 0.584635 0.143981 0.019271 0.026852
0 0.484115 0.983333 0.053646 0.031481
0 0.427344 0.610185 0.015104 0.014815
0 0.406771 0.581481 0.055208 0.070370
0 0.025781 0.055093 0.051562 0.039815
0 0.659115 0.633796 0.041146 0.078704
0 0.635938 0.413889 0.017708 0.040741
0 0.400521 0.273148 0.017708 0.050000
0 0.773958 0.871296 0.047917 0.074074
0 0.826823 0.809259 0.082812 0.118519
0 0.694271 0.394444 0.026042 0.033333
0 0.197656 0.028241 0.027604 0.056481
0 0.175781 0.218981 0.039062 0.065741
0 0.786719 0.286574 0.064062 0.030556
0 0.015885 0.093981 0.031771 0.025000
0 0.737240 0.262500 0.026562 0.030556
0 0.701562 0.539352 0.025000 0.047222
4 0.224479 0.093981 0.112500 0.075000
0 0.533594 0.072685 0.015104 0.025000
0 0.119792 0.020833 0.034375 0.041667
0 0.508333 0.162500 0.008333 0.039815
0 0.429167 0.542593 0.030208 0.040741
0 0.686198 0.187037 0.022396 0.029630
0 0.930990 0.721296 0.013021 0.020370
0 0.949479 0.029630 0.091667 0.059259
0 0.701562 0.267593 0.040625 0.025926
0 0.142969 0.209722 0.019271 0.037963
0 0.446875 0.352315 0.011458 0.076852
0 0.667969 0.279630 0.031771 0.037037
0 0.679688 0.513426 0.016667 0.036111
0 0.935156 0.018981 0.042188 0.037963
0 0.742448 0.902778 0.024479 0.103704
0 0.858594 0.851852 0.026562 0.035185
0 0.497917 0.152778 0.031250 0.062963
0 0.020833 0.863426 0.041667 0.021296
0 0.773958 0.184722 0.047917 0.049074
0 0.538021 0.052778 0.015625 0.051852
4 0.736979 0.305093 0.128125 0.062037
0 0.186198 0.076389 0.032813 0.023148
0 0.387760 0.564815 0.017188 0.037037
0 0.377604 0.363426 0.029167 0.058333
0 0.833854 0.037500 0.009375 0.017593
0 0.350000 0.237500 0.010417 0.071296
0 0.794271 0.766204 0.016667 0.032407
0 0.591667 0.166667 0.016667 0.035185
0 0.495052 0.953704 0.043229 0.053704
0 0.188281 0.827315 0.009896 0.017593
0 0.332813 0.389352 0.005208 0.037963
0 0.066667 0.027315 0.015625 0.054630
0 0.433594 0.254167 0.025521 0.043519
0 0.630729 0.013426 0.017708 0.026852
0 0.691667 0.530093 0.042708 0.065741
0 0.700000 0.213889 0.050000 0.083333
0 0.254688 0.441204 0.005208 0.034259
0 0.710156 0.231019 0.029687 0.050926
0 0.739323 0.876852 0.017188 0.051852
