0 0.972396 0.083333 0.054167 0.131481
0 0.447396 0.987500 0.046875 0.023148
1 0.636979 0.505556 0.052083 0.070370
0 0.596354 0.288889 0.021875 0.042593
0 0.516146 0.079630 0.035417 0.025926
0 0.338021 0.478704 0.055208 0.029630
0 0.571094 0.056019 0.034896 0.050926
0 0.442448 0.530556 0.027604 0.029630
0 0.339583 0.791204 0.076042 0.075000
0 0.426823 0.327315 0.073438 0.060185
0 0.312500 0.862963 0.040625 0.061111
0 0.586458 0.484722 0.026042 0.071296
0 0.643490 0.338426 0.038021 0.050926
0 0.775781 0.431944 0.027604 0.025000
0 0.629167 0.122222 0.022917 0.077778
0 0.153646 0.160185 0.031250 0.037037
0 0.974479 0.224537 0.050000 0.037963
0 0.972135 0.504630 0.054688 0.077778
0 0.780208 0.723611 0.048958 0.054630
0 0.429427 0.768056 0.038021 0.023148
0 0.162760 0.749537 0.090104 0.104630
0 0.672917 0.058333 0.028125 0.042593
0 0.211198 0.667130 0.067187 0.039815
0 0.485417 0.359259 0.036458 0.044444
0 0.658073 0.575463 0.024479 0.013889
0 0.294792 0.343056 0.041667 0.032407
0 0.322656 0.515741 0.053646 0.040741
0 0.640104 0.598148 0.051042 0.031481
0 0.426823 0.720833 0.041146 0.056481
0 0.346354 0.273611 0.021875 0.026852
0 0.879948 0.689815 0.083854 0.044444
0 0.955208 0.647222 0.088542 0.029630
1 0.527344 0.359259 0.053646 0.053704
0 0.966927 0.702315 0.065104 0.087963
0 0.800000 0.487963 0.064583 0.038889
0 0.877344 0.825926 0.027604 0.077778
0 0.433333 0.431481 0.012500 0.016667
0 0.295833 0.384259 0.045833 0.048148
0 0.448958 0.591204 0.065625 0.089815
0 0.488542 0.467593 0.038542 0.085185
0 0.617448 0.745833 0.026562 0.026852
0 0.944010 0.965278 0.110937 0.050926
0 0.429948 0.512963 0.070312 0.059259
0 0.520833 0.867130 0.033333 0.043519
0 0.689063 0.578241 0.056250 0.075000
0 0.381250 0.822222 0.046875 0.057407
0 0.867969 0.475463 0.075521 0.039815
0 0.740365 0.687500 0.030729 0.028704
0 0.521094 0.648148 0.027604 0.033333
0 0.899479 0.751389 0.042708 0.069444
0 0.561979 0.675000 0.023958 0.029630
0 0.643490 0.047685 0.051562 0.095370
0 0.741406 0.265741 0.048438 0.055556
0 0.166667 0.175463 0.057292 0.069444
0 0.622135 0.550926 0.035937 0.024074
0 0.619010 0.672222 0.042188 0.044444
0 0.497135 0.736574 0.048438 0.078704
0 0.737760 0.742130 0.021354 0.025000
0 0.338802 0.499074 0.020313 0.018519
0 0.496615 0.704167 0.038021 0.045370
0 0.726823 0.733333 0.044271 0.083333
0 0.866146 0.741204 0.033333 0.025000
0 0.784375 0.200926 0.059375 0.118519
0 0.514062 0.535648 0.013542 0.032407
0 0.713021 0.884259 0.013542 0.062963
0 0.552344 0.651852 0.013021 0.029630
0 0.533854 0.555093 0.016667 0.067593
0 0.585156 0.744444 0.040104 0.046296
0 0.979948 0.879630 0.039062 0.068519
0 0.533333 0.379167 0.039583 0.008333
0 0.322917 0.456944 0.026042 0.039815
0 0.722135 0.736574 0.029687 0.045370
0 0.435156 0.499537 0.059896 0.030556
0 0.751042 0.653241 0.036458 0.034259
0 0.503125 0.693519 0.023958 0.029630
0 0.175521 0.728241 0.065625 0.062037
0 0.331510 0.443519 0.043229 0.066667
0 0.369010 0.017130 0.014063 0.034259
0 0.652344 0.024537 0.033854 0.049074
0 0.459635 0.577315 0.042188 0.062037
0 0.465625 0.845833 0.038542 0.032407
0 0.565104 0.067593 0.022917 0.027778
0 0.906328 0.554177 0.094293 0.080507
0 0.725496 0.184174 0.040323 0.048525
0 0.536600 0.211194 0.026055 0.078302
0 0.067618 0.422939 0.022333 0.056245
0 0.362593 0.301075 0.030397 0.013234
0 0.046216 0.248139 0.089950 0.074993
1 0.505893 0.588916 0.041563 0.046319
